160148189
160148193
160148267
160148289
160148436
160148458
160148469
160148475
160148481
160148496
160148188
160148192
160148266
160148270
160148288
160148291
160148308
160148310
160148432
160148435
160148456
160148460
160148468
160148473
160148480
160148488
160148494
160148498
160148190
160148268
160148332
160148399
160148464
160148467
160148194
160148272
160148293
160148309
160148433
160148457
160148470
160148489
160148497
160148495
160148499
160148271
160148326
160148327
160148328
160148331
160148437
160148463
160148472
160148474
160148482
160148487
160148713
160148714
160148722
160148724
160148728
160148729
160148730
160148732
160148816
160148818
160179452
160179455
160179461
160179462
160179463
160179465
160179468
160179469
160179476
160148721
160148723
160148727
160148731
160148813
160148814
160148817
160179450
160179451
160179453
160179454
160179456
160179457
160179458
160179459
160179460
160179464
160179466
160179467
160179470
160179471
160179472
160179473
160179474
160179475
160179477
160179478
160148490
160148503